0 0.389902 1
1 0.411442 1
2 0.407705 1
3 0.392526 1
4 0.403328 1
5 0.389867 1
6 0.390872 1
7 0.390224 1
8 0.396909 1
9 0.385399 1
10 0.391698 1
11 0.39483 1
12 0.389802 1
13 0.394318 1
14 0.388627 1
15 0.407028 1
16 0.398597 1
17 0.391548 1
18 0.391544 1
19 0.406244 1
20 0.398073 1
21 0.454137 0
22 0.392193 1
23 0.391674 1
24 0.396091 1
25 0.406834 1
26 0.390106 1
27 0.404626 1
28 0.389852 1
29 0.391893 1
30 0.390962 1
31 0.394047 1
32 0.399433 1
33 0.385885 1
34 0.39027 1
35 0.388361 1
36 0.391446 1
37 0.408242 1
38 0.389161 1
39 0.388068 1
40 0.398802 1
41 0.400067 1
42 0.425904 1
43 0.38863 1
44 0.398278 1
45 0.395759 1
46 0.393252 1
47 0.445312 1
48 0.394103 1
49 0.392768 1
50 0.403589 1
51 0.39027 1
52 0.397799 1
53 0.400484 1
54 0.391271 1
55 0.387948 1
56 0.391806 1
57 0.407341 1
58 0.393234 1
59 0.397048 1
60 0.392084 1
61 0.396065 1
62 0.41676 1
63 0.393227 1
64 0.396065 1
65 0.392598 1
66 0.393065 1
67 0.406244 1
68 0.387619 1
69 0.386785 1
70 0.400127 1
71 0.391606 1
72 0.414362 1
73 0.391799 1
74 0.423093 1
75 0.403113 1
76 0.398724 1
77 0.389969 1
78 0.398671 1
79 0.387243 1
80 0.393611 1
81 0.397631 1
82 0.38685 1
83 0.389582 1
84 0.396739 1
85 0.398278 1
86 0.393611 1
87 0.412459 1
88 0.392526 1
89 0.391077 1
90 0.39027 1
91 0.3921 1
92 0.39313 1
93 0.392312 1
94 0.395008 1
95 0.39208 1
96 0.39539 1
97 0.384804 1
98 0.390821 1
99 0.391208 1
100 0.422066 1
101 0.39192 1
102 0.393962 1
103 0.396992 1
104 0.41045 1
105 0.392387 1
106 0.389867 1
107 0.396792 1
108 0.386785 1
109 0.392193 1
110 0.386561 1
111 0.408189 1
112 0.399679 1
113 0.392828 1
114 0.403113 1
115 0.398262 1
116 0.389867 1
117 0.440991 1
118 0.41674 1
119 0.397433 1
120 0.399274 1
121 0.402822 1
122 0.393064 1
123 0.402209 1
124 0.395008 1
125 0.437245 1
126 0.514944 0
127 0.398262 1
128 0.408889 1
129 0.399274 1
130 0.391777 1
131 0.38993 1
132 0.397125 1
133 0.396117 1
134 0.38863 1
135 0.388294 1
136 0.397037 1
137 0.396983 1
138 0.3921 1
139 0.395462 1
140 0.392241 1
141 0.385845 1
142 0.395909 1
143 0.38879 1
144 0.391072 1
145 0.421925 1
146 0.428296 1
147 0.394379 1
148 0.39483 1
149 0.396198 1
150 0.392616 1
151 0.395345 1
152 0.475231 0
153 0.408808 1
154 0.397844 1
155 0.445625 0
156 0.480535 0
157 0.395753 1
158 0.391398 1
159 0.397612 1
160 0.4306 1
161 0.393458 1
162 0.391998 1
163 0.389117 1
164 0.440834 1
165 0.392843 1
166 0.389823 1
167 0.390148 1
168 0.39352 1
169 0.388133 1
170 0.38993 1
171 0.387267 1
172 0.443127 1
173 0.391072 1
174 0.397299 1
175 0.389648 1
176 0.391548 1
177 0.40038 1
178 0.395025 1
179 0.398211 1
180 0.386372 1
181 0.428748 1
182 0.39539 1
183 0.391544 1
184 0.397893 1
185 0.396783 1
186 0.398852 1
187 0.397837 1
188 0.433719 1
189 0.423008 1
190 0.39338 1
191 0.397837 1
192 0.39199 1
193 0.392988 1
194 0.391851 1
195 0.403223 1
196 0.39032 1
197 0.389693 1
198 0.389648 1
199 0.396579 1
200 0.391851 1
201 0.389852 1
202 0.391446 1
203 0.398278 1
204 0.401859 1
205 0.391777 1
206 0.390134 1
207 0.403744 1
208 0.409628 1
209 0.388068 1
210 0.389899 1
211 0.390882 1
212 0.398136 1
213 0.397328 1
214 0.398278 1
215 0.391446 1
216 0.421076 1
217 0.392193 1
218 0.391307 1
219 0.40504 0
220 0.44466 1
221 0.392526 1
222 0.401218 1
223 0.40581 1
224 0.390505 1
225 0.393303 1
226 0.390023 1
227 0.391446 1
228 0.408606 1
229 0.389648 1
230 0.392582 1
231 0.398606 1
232 0.391314 1
233 0.397971 1
234 0.390714 1
235 0.399503 1
236 0.400836 1
237 0.393204 1
238 0.391249 1
239 0.462557 0
240 0.395462 1
241 0.469679 0
242 0.398278 1
243 0.414711 1
244 0.392616 1
245 0.412328 1
246 0.396912 1
247 0.404509 1
248 0.393894 1
249 0.39849 1
250 0.391777 1
251 0.395593 1
252 0.390927 1
253 0.390945 1
254 0.391277 1
255 0.391191 1
256 0.394496 1
257 0.408797 1
258 0.38993 1
259 0.39038 1
260 0.38993 1
261 0.38993 1
262 0.391271 1
263 0.391147 1
264 0.392308 1
265 0.390872 1
266 0.391191 1
267 0.389695 1
268 0.391777 1
269 0.397843 1
270 0.391777 1
271 0.396197 1
272 0.391652 1
273 0.390867 1
274 0.390762 1
275 0.391777 1
276 0.388982 1
277 0.394174 1
278 0.397125 1
279 0.391652 1
280 0.386461 1
281 0.38993 1
282 0.391191 1
283 0.393583 1
284 0.38993 1
285 0.393583 1
286 0.38993 1
287 0.392429 1
288 0.391718 1
289 0.416042 1
290 0.391674 1
291 0.389806 1
292 0.393583 1
293 0.38993 1
294 0.417065 1
295 0.387258 1
296 0.399164 1
297 0.389852 1
298 0.38993 1
299 0.39095 1
300 0.397661 1
301 0.398311 1
302 0.396165 1
303 0.402544 1
304 0.404775 1
305 0.391266 1
306 0.396127 1
307 0.392593 1
308 0.402345 1
309 0.400422 1
310 0.401891 1
311 0.398403 1
312 0.422204 1
313 0.406502 1
314 0.395738 1
315 0.407672 1
316 0.407167 1
317 0.391732 1
318 0.39793 1
319 0.405086 1
320 0.390776 1
321 0.399048 1
322 0.400616 1
323 0.391586 1
324 0.391347 1
325 0.402149 1
326 0.395272 1
327 0.402067 1
328 0.391799 1
329 0.396149 1
330 0.402209 1
331 0.407167 1
332 0.408077 1
333 0.430596 1
334 0.392477 1
335 0.404952 1
336 0.395454 1
337 0.396219 1
338 0.39459 1
339 0.407185 1
340 0.404498 1
341 0.404529 1
342 0.393728 1
343 0.394697 1
344 0.426603 1
345 0.396927 1
346 0.392369 1
347 0.396287 1
348 0.400422 1
349 0.406524 1
350 0.404376 1
351 0.392369 1
352 0.401939 1
353 0.401939 1
354 0.400576 1
355 0.399853 1
356 0.401907 1
357 0.396346 1
358 0.412808 1
359 0.40117 1
360 0.39459 1
361 0.425201 1
362 0.402209 1
363 0.409653 1
364 0.401465 1
365 0.393448 1
366 0.402436 1
367 0.391964 1
368 0.401761 1
369 0.402545 1
370 0.402209 1
371 0.397212 1
372 0.409653 1
373 0.39505 1
374 0.404589 1
375 0.402187 1
376 0.408113 1
377 0.401238 1
378 0.404698 1
379 0.411717 1
380 0.395582 1
381 0.418808 1
382 0.416742 1
383 0.401563 1
384 0.406486 1
385 0.404573 1
386 0.403355 1
387 0.394828 1
388 0.392558 1
389 0.404361 1
390 0.396677 1
391 0.394532 1
392 0.396961 1
393 0.391739 1
394 0.406089 1
395 0.405768 1
396 0.392616 1
397 0.418987 1
398 0.400811 1
399 0.400676 1
400 0.416386 6
401 0.422912 6
402 0.414835 6
403 0.411715 6
404 0.43603 6
405 0.423915 6
406 0.410947 6
407 0.412366 0
408 0.419936 6
409 0.412769 6
410 0.423915 6
411 0.418439 0
412 0.414835 6
413 0.417036 6
414 0.411892 6
415 0.425755 6
416 0.43126 6
417 0.410868 6
418 0.409778 6
419 0.420668 6
420 0.447094 6
421 0.436142 0
422 0.415557 6
423 0.421305 6
424 0.412723 6
425 0.449319 6
426 0.42075 0
427 0.420025 6
428 0.43615 6
429 0.438779 6
430 0.416475 6
431 0.428165 6
432 0.453347 0
433 0.443723 6
434 0.416485 6
435 0.434255 6
436 0.41397 6
437 0.418584 6
438 0.41171 6
439 0.413535 6
440 0.436444 6
441 0.423703 6
442 0.415402 6
443 0.42075 6
444 0.486238 0
445 0.415031 6
446 0.410223 6
447 0.43255 6
448 0.417919 6
449 0.420922 6
450 0.429202 6
451 0.470363 0
452 0.447544 6
453 0.420233 6
454 0.410635 6
455 0.410868 6
456 0.432134 6
457 0.440575 0
458 0.413199 6
459 0.416386 6
460 0.438509 6
461 0.419213 6
462 0.440268 6
463 0.432134 6
464 0.421521 0
465 0.468433 0
466 0.445129 0
467 0.430023 6
468 0.428756 6
469 0.417357 6
470 0.431769 6
471 0.446547 6
472 0.428938 6
473 0.427544 6
474 0.429032 6
475 0.416831 6
476 0.420233 6
477 0.41114 6
478 0.43493 6
479 0.415031 6
480 0.457282 0
481 0.413929 6
482 0.419028 6
483 0.430958 6
484 0.427433 6
485 0.422098 0
486 0.417665 6
487 0.409103 6
488 0.42032 0
489 0.416736 6
490 0.413104 6
491 0.43056 6
492 0.410955 6
493 0.421484 6
494 0.427799 6
495 0.421305 6
496 0.443176 6
497 0.439713 6
498 0.413631 0
499 0.420233 6
500 0.440245 6
501 0.415031 6
502 0.442725 6
503 0.414088 6
504 0.416108 6
505 0.417662 6
506 0.416386 6
507 0.416244 6
508 0.417791 6
509 0.426499 0
510 0.43112 6
511 0.41634 6
512 0.413691 6
513 0.43189 6
514 0.423796 0
515 0.440412 6
516 0.423915 6
517 0.409103 6
518 0.415138 6
519 0.420108 0
520 0.425482 0
521 0.483076 0
522 0.432103 6
523 0.441349 6
524 0.437631 0
525 0.414418 6
526 0.418584 6
527 0.43752 6
528 0.421365 6
529 0.410223 6
530 0.416736 6
531 0.421305 6
532 0.427321 6
533 0.445835 6
534 0.436506 6
535 0.419552 6
536 0.41171 6
537 0.420126 6
538 0.430617 6
539 0.421365 6
540 0.423915 6
541 0.423948 6
542 0.417777 6
543 0.416681 6
544 0.421365 6
545 0.41966 6
546 0.42654 0
547 0.440792 6
548 0.443092 6
549 0.413104 6
550 0.420126 6
551 0.414741 6
552 0.422519 6
553 0.419337 6
554 0.428938 6
555 0.423743 6
556 0.415143 6
557 0.430151 6
558 0.432208 6
559 0.419213 6
560 0.414574 6
561 0.47035 0
562 0.418957 6
563 0.41597 0
564 0.421305 6
565 0.417922 6
566 0.417318 6
567 0.411505 6
568 0.416386 6
569 0.416182 6
570 0.420025 6
571 0.430023 6
572 0.431856 6
573 0.419861 6
574 0.441349 6
575 0.414449 6
576 0.414741 6
577 0.429179 6
578 0.437773 6
579 0.429179 6
580 0.435635 6
581 0.416736 6
582 0.424488 6
583 0.416386 6
584 0.426544 6
585 0.414938 0
586 0.414386 6
587 0.413104 6
588 0.443061 6
589 0.415714 6
590 0.427321 6
591 0.412666 6
592 0.464856 0
593 0.418125 6
594 0.442683 6
595 0.451411 6
596 0.420173 0
597 0.410346 6
598 0.414886 6
599 0.436355 6
600 0.458233 5
601 0.445619 0
602 0.526969 5
603 0.469925 5
604 0.461858 5
605 0.594894 5
606 0.454758 5
607 0.514268 5
608 0.458758 5
609 0.461975 5
610 0.48655 5
611 0.606047 5
612 0.508844 5
613 0.501983 5
614 0.504072 5
615 0.463052 5
616 0.463306 5
617 0.45719 5
618 0.470406 5
619 0.429135 0
620 0.579044 5
621 0.565213 5
622 0.464443 5
623 0.463155 5
624 0.461542 5
625 0.474902 5
626 0.456532 5
627 0.493089 5
628 0.457153 5
629 0.461178 5
630 0.470506 5
631 0.460511 5
632 0.48834 5
633 0.459207 5
634 0.517858 5
635 0.484912 5
636 0.458789 5
637 0.463465 5
638 0.488819 5
639 0.542359 5
640 0.486902 5
641 0.460272 5
642 0.4554 5
643 0.459457 5
644 0.458364 5
645 0.463052 5
646 0.480791 5
647 0.461643 5
648 0.460143 5
649 0.457914 5
650 0.45645 5
651 0.459646 5
652 0.459801 5
653 0.457899 5
654 0.462199 5
655 0.457114 5
656 0.474902 5
657 0.458732 5
658 0.502016 5
659 0.461701 5
660 0.474158 5
661 0.465593 5
662 0.494945 5
663 0.458418 5
664 0.457069 5
665 0.502279 5
666 0.459913 5
667 0.460542 5
668 0.549852 5
669 0.457477 5
670 0.501349 5
671 0.458553 5
672 0.45745 5
673 0.476226 5
674 0.459442 5
675 0.465107 5
676 0.468033 5
677 0.503846 5
678 0.484992 5
679 0.459158 5
680 0.465107 5
681 0.456966 5
682 0.457607 5
683 0.45719 5
684 0.447233 0
685 0.463041 5
686 0.457709 5
687 0.460315 5
688 0.43084 0
689 0.554743 5
690 0.457533 5
691 0.543816 5
692 0.52647 5
693 0.465617 5
694 0.462967 5
695 0.534762 5
696 0.461482 5
697 0.455559 5
698 0.476336 5
699 0.537809 5
700 0.473567 5
701 0.458524 5
702 0.459066 5
703 0.488503 5
704 0.530188 5
705 0.457872 5
706 0.454709 5
707 0.460502 5
708 0.455857 5
709 0.457059 5
710 0.457282 5
711 0.459554 5
712 0.462095 5
713 0.501659 5
714 0.458819 5
715 0.462437 5
716 0.453807 5
717 0.462967 5
718 0.455797 5
719 0.457607 5
720 0.540745 5
721 0.453646 5
722 0.458305 5
723 0.459815 5
724 0.455358 5
725 0.47763 5
726 0.461801 5
727 0.466825 5
728 0.46179 5
729 0.462749 5
730 0.456213 5
731 0.537365 5
732 0.580956 0
733 0.457081 5
734 0.479654 5
735 0.461888 5
736 0.489724 5
737 0.491315 5
738 0.509749 5
739 0.454225 5
740 0.502074 5
741 0.458524 5
742 0.470697 5
743 0.500403 5
744 0.508577 5
745 0.468115 5
746 0.535618 5
747 0.461126 5
748 0.459341 5
749 0.455845 5
750 0.5558 5
751 0.465107 5
752 0.456233 5
753 0.475443 5
754 0.460203 5
755 0.520329 5
756 0.486013 5
757 0.484278 5
758 0.454298 5
759 0.457872 5
760 0.45651 5
761 0.480987 5
762 0.540231 5
763 0.478767 5
764 0.57007 5
765 0.577856 5
766 0.456908 5
767 0.459905 5
768 0.567991 5
769 0.456134 5
770 0.427599 0
771 0.554587 5
772 0.457102 5
773 0.453344 5
774 0.48477 5
775 0.459008 5
776 0.492386 5
777 0.459158 5
778 0.460623 5
779 0.475259 5
780 0.474169 5
781 0.475227 5
782 0.463052 5
783 0.461057 5
784 0.466907 5
785 0.482894 5
786 0.48678 5
787 0.485604 5
788 0.483854 5
789 0.458949 5
790 0.459092 5
791 0.461542 5
792 0.459402 5
793 0.459015 5
794 0.425766 0
795 0.474629 5
796 0.461808 5
797 0.535477 5
798 0.458461 5
799 0.517604 5
800 0.386483 2
801 0.386939 2
802 0.38537 2
803 0.431506 2
804 0.383272 2
805 0.388279 2
806 0.393168 2
807 0.386286 2
808 0.389247 2
809 0.39571 2
810 0.395255 2
811 0.394655 2
812 0.383091 2
813 0.391833 2
814 0.38529 2
815 0.385729 2
816 0.381386 2
817 0.385165 2
818 0.38593 0
819 0.385923 2
820 0.383444 2
821 0.399291 2
822 0.390602 2
823 0.431651 0
824 0.393867 2
825 0.385826 2
826 0.3895 2
827 0.431639 0
828 0.38433 2
829 0.382319 2
830 0.393775 2
831 0.3823 2
832 0.383245 2
833 0.401481 2
834 0.39581 2
835 0.390143 2
836 0.382898 2
837 0.385714 2
838 0.383927 2
839 0.383766 2
840 0.383951 2
841 0.384145 2
842 0.380947 2
843 0.383379 2
844 0.393579 2
845 0.385628 2
846 0.411468 0
847 0.384685 2
848 0.433563 0
849 0.428759 0
850 0.382764 2
851 0.38537 2
852 0.383125 2
853 0.383807 2
854 0.396008 2
855 0.384577 2
856 0.425181 0
857 0.383271 2
858 0.386906 2
859 0.393328 2
860 0.394705 2
861 0.406522 0
862 0.382976 2
863 0.384767 2
864 0.419483 0
865 0.392029 2
866 0.38537 2
867 0.385394 2
868 0.382328 2
869 0.392794 2
870 0.38531 2
871 0.386897 2
872 0.383824 2
873 0.382197 2
874 0.383635 2
875 0.387127 2
876 0.388534 2
877 0.385789 2
878 0.534445 0
879 0.38603 2
880 0.386727 0
881 0.420477 2
882 0.385628 2
883 0.386849 2
884 0.385381 2
885 0.394442 0
886 0.419554 2
887 0.387402 2
888 0.380947 2
889 0.392237 2
890 0.389102 2
891 0.386512 2
892 0.411222 6
893 0.387528 2
894 0.381386 2
895 0.383091 2
896 0.512836 0
897 0.382179 2
898 0.394559 2
899 0.397812 2
900 0.387979 2
901 0.388287 2
902 0.389042 2
903 0.404009 2
904 0.38573 2
905 0.38433 2
906 0.383071 2
907 0.385053 2
908 0.425708 0
909 0.389741 2
910 0.384577 2
911 0.382319 2
912 0.383125 2
913 0.384201 2
914 0.390382 2
915 0.393364 2
916 0.383636 2
917 0.412167 2
918 0.383346 2
919 0.390938 2
920 0.387788 2
921 0.391152 2
922 0.385108 2
923 0.383763 2
924 0.38704 2
925 0.386942 2
926 0.407555 2
927 0.383832 2
928 0.385182 2
929 0.388476 2
930 0.445287 0
931 0.38322 2
932 0.383927 2
933 0.396923 2
934 0.384701 2
935 0.390586 2
936 0.386202 2
937 0.431574 2
938 0.387497 2
939 0.384729 2
940 0.390638 2
941 0.384221 2
942 0.387383 2
943 0.383877 2
944 0.38294 2
945 0.422776 0
946 0.387119 2
947 0.400061 2
948 0.390184 2
949 0.389793 2
950 0.387277 2
951 0.38269 2
952 0.401951 0
953 0.389102 2
954 0.381566 2
955 0.388019 2
956 0.396008 2
957 0.391977 2
958 0.388608 2
959 0.385253 2
960 0.383085 2
961 0.393847 2
962 0.382335 2
963 0.414679 6
964 0.382328 2
965 0.38299 2
966 0.391319 2
967 0.387042 2
968 0.384361 2
969 0.390551 2
970 0.391177 0
971 0.385826 2
972 0.385434 2
973 0.384316 2
974 0.384361 2
975 0.389263 2
976 0.385098 2
977 0.389121 2
978 0.410036 2
979 0.38529 2
980 0.420552 0
981 0.387439 2
982 0.381265 2
983 0.384735 2
984 0.429701 0
985 0.38531 2
986 0.385151 2
987 0.385848 2
988 0.381566 2
989 0.388788 2
990 0.384458 2
991 0.383271 2
992 0.387781 2
993 0.395764 2
994 0.409235 0
995 0.477059 0
996 0.392697 2
997 0.385265 2
998 0.382246 2
999 0.383544 2
1000 0.383927 2
1001 0.388705 2
1002 0.392718 2
1003 0.419601 2
1004 0.38433 2
1005 0.381386 2
1006 0.391455 2
1007 0.465404 0
1008 0.437344 0
1009 0.387171 2
1010 0.384784 2
1011 0.386732 2
1012 0.411749 0
1013 0.383898 2
1014 0.382936 2
1015 0.385628 2
1016 0.384443 2
1017 0.38984 2
1018 0.478586 0
1019 0.381181 2
1020 0.389355 2
1021 0.388748 2
1022 0.386766 2
1023 0.403629 2
1024 0.384361 2
1025 0.396639 2
1026 0.389963 2
1027 0.403188 0
1028 0.385182 2
1029 0.381566 2
1030 0.393732 2
1031 0.38426 2
1032 0.388501 2
1033 0.385769 2
1034 0.431688 2
1035 0.389349 2
1036 0.384899 2
1037 0.429721 0
1038 0.390342 2
1039 0.382463 2
1040 0.39237 2
1041 0.398154 2
1042 0.387813 2
1043 0.384395 2
1044 0.380947 2
1045 0.385171 2
1046 0.385165 2
1047 0.409103 6
1048 0.381886 2
1049 0.391698 2
1050 0.38537 2
1051 0.3828 2
1052 0.388476 2
1053 0.395426 2
1054 0.38792 2
1055 0.384979 2
1056 0.392951 2
1057 0.386449 2
1058 0.38247 2
1059 0.384373 2
1060 0.388947 2
1061 0.392025 0
1062 0.384361 2
1063 0.38356 2
1064 0.403389 2
1065 0.390638 2
1066 0.38688 2
1067 0.380699 2
1068 0.435654 0
1069 0.392226 2
1070 0.38413 2
1071 0.383079 2
1072 0.390384 2
1073 0.386378 2
1074 0.380768 2
1075 0.392199 2
1076 0.428664 0
1077 0.386255 2
1078 0.383832 2
1079 0.397947 2
1080 0.399258 2
1081 0.384458 2
1082 0.389084 2
1083 0.382463 2
1084 0.4109 2
1085 0.383877 2
1086 0.380648 2
1087 0.389153 2
1088 0.386525 2
1089 0.387299 2
1090 0.391167 2
1091 0.381886 2
1092 0.389263 2
1093 0.391289 2
1094 0.388104 2
1095 0.405745 2
1096 0.385396 2
1097 0.390594 2
1098 0.386782 2
1099 0.384458 2
1100 0.38378 2
1101 0.384201 2
1102 0.39025 2
1103 0.38356 2
1104 0.392794 2
1105 0.38299 2
1106 0.393854 2
1107 0.395956 2
1108 0.394592 2
1109 0.431089 0
1110 0.389478 2
1111 0.382729 2
1112 0.386525 2
1113 0.383071 2
1114 0.385898 2
1115 0.408636 0
1116 0.38247 2
1117 0.381566 2
1118 0.383655 2
1119 0.384373 2
1120 0.387497 2
1121 0.383677 2
1122 0.400699 2
1123 0.39112 2
1124 0.386234 2
1125 0.39166 2
1126 0.386983 2
1127 0.384793 2
1128 0.396554 2
1129 0.389015 2
1130 0.393732 2
1131 0.422962 0
1132 0.405856 2
1133 0.382905 2
1134 0.384334 2
1135 0.420354 6
1136 0.385123 2
1137 0.401865 0
1138 0.387127 2
1139 0.382606 2
1140 0.390118 2
1141 0.393364 2
1142 0.389988 2
1143 0.388807 2
1144 0.387654 0
1145 0.383492 2
1146 0.386918 2
1147 0.385094 2
1148 0.392237 2
1149 0.388696 2
1150 0.390819 2
1151 0.384373 2
1152 0.393847 2
1153 0.391232 2
1154 0.484549 0
1155 0.421867 6
1156 0.383124 2
1157 0.396265 2
1158 0.384928 2
1159 0.386135 2
1160 0.392029 2
1161 0.384856 2
1162 0.385923 2
1163 0.391989 2
1164 0.386088 2
1165 0.385259 2
1166 0.399573 2
1167 0.38665 2
1168 0.390008 2
1169 0.389248 2
1170 0.394056 2
1171 0.382463 2
1172 0.386019 2
1173 0.392427 2
1174 0.390172 2
1175 0.3823 2
1176 0.403735 0
1177 0.403484 2
1178 0.383271 2
1179 0.390507 2
1180 0.425669 0
1181 0.401816 2
1182 0.38299 2
1183 0.391446 2
1184 0.396734 2
1185 0.384045 2
1186 0.390965 2
1187 0.386898 2
1188 0.392288 2
1189 0.385898 2
1190 0.384208 2
1191 0.386506 2
1192 0.412316 0
1193 0.385771 2
1194 0.390611 2
1195 0.391635 2
1196 0.384334 2
1197 0.391631 0
1198 0.384812 2
1199 0.383168 2
1200 0.451973 3
1201 0.413033 3
1202 0.427669 3
1203 0.70936 0
1204 0.549251 0
1205 0.415956 3
1206 0.423498 3
1207 0.395366 0
1208 0.422827 3
1209 0.444659 3
1210 0.414311 3
1211 0.427414 0
1212 0.419316 3
1213 0.429135 3
1214 0.505727 0
1215 0.43712 3
1216 0.461328 3
1217 0.412337 0
1218 0.434291 3
1219 0.420606 3
1220 0.4212 3
1221 0.48754 0
1222 0.427474 3
1223 0.40102 0
1224 0.43414 3
1225 0.420348 3
1226 0.42524 3
1227 0.507288 3
1228 0.416115 3
1229 0.424247 3
1230 0.439743 3
1231 0.446459 3
1232 0.429827 3
1233 0.420415 3
1234 0.424782 3
1235 0.566433 3
1236 0.43132 3
1237 0.43058 3
1238 0.429053 3
1239 0.433437 4
1240 0.424164 3
1241 0.426937 3
1242 0.413823 0
1243 0.644792 0
1244 0.421337 3
1245 0.432279 3
1246 0.433674 3
1247 0.418227 3
1248 0.521627 0
1249 0.436943 0
1250 0.428474 3
1251 0.473122 3
1252 0.414569 3
1253 0.449997 3
1254 0.426779 3
1255 0.426986 3
1256 0.670839 0
1257 0.430246 0
1258 0.428605 3
1259 0.422513 3
1260 0.423724 3
1261 0.426891 3
1262 0.52379 0
1263 0.439361 3
1264 0.417884 3
1265 0.45476 3
1266 0.412269 3
1267 0.456861 3
1268 0.468341 3
1269 0.645126 0
1270 0.441806 3
1271 0.439135 3
1272 0.487605 0
1273 0.501669 3
1274 0.445735 3
1275 0.426443 3
1276 0.433694 3
1277 0.422293 3
1278 0.440881 3
1279 0.417523 0
1280 0.557883 0
1281 0.424128 3
1282 0.468549 3
1283 0.520638 0
1284 0.463038 3
1285 0.440117 3
1286 0.394954 4
1287 0.433338 3
1288 0.438563 3
1289 0.46391 0
1290 0.438847 3
1291 0.429294 3
1292 0.422946 3
1293 0.421735 3
1294 0.415956 3
1295 0.414776 3
1296 0.530834 3
1297 0.411936 3
1298 0.417427 3
1299 0.423222 0
1300 0.435972 3
1301 0.413988 0
1302 0.454109 3
1303 0.430634 3
1304 0.460244 0
1305 0.427791 0
1306 0.424282 3
1307 0.458525 3
1308 0.413466 3
1309 0.421043 3
1310 0.477801 0
1311 0.487058 3
1312 0.419755 3
1313 0.419526 3
1314 0.42545 3
1315 0.429845 3
1316 0.419316 3
1317 0.410289 3
1318 0.445569 3
1319 0.425907 3
1320 0.455725 3
1321 0.435076 3
1322 0.446063 3
1323 0.415167 3
1324 0.426516 3
1325 0.43085 3
1326 0.446384 4
1327 0.474845 0
1328 0.562354 0
1329 0.418314 3
1330 0.492996 0
1331 0.411728 3
1332 0.415757 3
1333 0.438806 3
1334 0.424324 3
1335 0.462767 0
1336 0.459408 0
1337 0.413211 3
1338 0.468677 3
1339 0.424479 3
1340 0.596743 0
1341 0.432058 3
1342 0.418779 4
1343 0.415957 3
1344 0.42196 3
1345 0.436254 3
1346 0.565946 3
1347 0.481801 3
1348 0.450712 3
1349 0.424305 4
1350 0.44695 3
1351 0.45419 3
1352 0.417755 3
1353 0.421949 3
1354 0.430385 3
1355 0.413483 3
1356 0.52379 0
1357 0.457607 0
1358 0.465487 3
1359 0.414981 3
1360 0.46496 0
1361 0.453202 0
1362 0.445926 3
1363 0.41374 3
1364 0.481 0
1365 0.422331 3
1366 0.419863 0
1367 0.430279 3
1368 0.428564 3
1369 0.426937 3
1370 0.470922 3
1371 0.432993 3
1372 0.433877 3
1373 0.419316 3
1374 0.429763 3
1375 0.526063 0
1376 0.439569 3
1377 0.560116 0
1378 0.424189 3
1379 0.414463 3
1380 0.432012 3
1381 0.428778 3
1382 0.583316 0
1383 0.504932 3
1384 0.426793 3
1385 0.422902 3
1386 0.424766 3
1387 0.490654 0
1388 0.433104 3
1389 0.416378 0
1390 0.519502 3
1391 0.422613 3
1392 0.45149 3
1393 0.57592 0
1394 0.420411 3
1395 0.520467 0
1396 0.456961 3
1397 0.425573 3
1398 0.504784 0
1399 0.423334 3
1400 0.434106 3
1401 0.418227 3
1402 0.452374 3
1403 0.425631 3
1404 0.43326 3
1405 0.47601 3
1406 0.418059 3
1407 0.429668 3
1408 0.433437 3
1409 0.444198 3
1410 0.442267 3
1411 0.457996 3
1412 0.42047 3
1413 0.423332 3
1414 0.441039 3
1415 0.42429 3
1416 0.421646 3
1417 0.428205 3
1418 0.426895 3
1419 0.415956 3
1420 0.423487 3
1421 0.424019 3
1422 0.455236 3
1423 0.455786 3
1424 0.478893 3
1425 0.424284 3
1426 0.446986 3
1427 0.411728 3
1428 0.606902 0
1429 0.45057 3
1430 0.425031 3
1431 0.673774 0
1432 0.430757 3
1433 0.44992 3
1434 0.447 3
1435 0.428157 3
1436 0.417855 0
1437 0.659292 0
1438 0.421189 3
1439 0.424209 3
1440 0.505492 0
1441 0.412015 3
1442 0.434364 3
1443 0.697683 0
1444 0.428943 3
1445 0.457999 0
1446 0.425149 3
1447 0.421119 3
1448 0.42158 3
1449 0.514327 3
1450 0.427823 3
1451 0.501823 0
1452 0.444188 3
1453 0.637287 0
1454 0.424525 3
1455 0.415829 3
1456 0.414357 0
1457 0.480828 0
1458 0.410769 3
1459 0.422005 3
1460 0.52406 3
1461 0.518995 0
1462 0.421983 3
1463 0.438974 3
1464 0.453017 3
1465 0.426118 3
1466 0.414231 3
1467 0.431041 3
1468 0.446907 3
1469 0.510383 0
1470 0.474936 0
1471 0.424265 3
1472 0.630711 0
1473 0.420529 4
1474 0.439386 3
1475 0.428571 3
1476 0.522301 0
1477 0.439842 3
1478 0.490756 0
1479 0.434374 3
1480 0.572231 0
1481 0.455607 3
1482 0.411667 3
1483 0.492589 3
1484 0.581089 0
1485 0.421911 3
1486 0.425617 3
1487 0.426442 3
1488 0.416469 0
1489 0.440117 3
1490 0.418677 0
1491 0.496044 0
1492 0.424994 3
1493 0.425829 3
1494 0.462095 3
1495 0.429683 0
1496 0.438502 3
1497 0.552339 0
1498 0.420081 0
1499 0.452033 3
1500 0.489083 3
1501 0.44709 3
1502 0.491187 3
1503 0.478522 0
1504 0.415956 3
1505 0.43343 0
1506 0.420797 3
1507 0.409973 3
1508 0.469224 3
1509 0.47601 3
1510 0.464255 3
1511 0.418775 3
1512 0.421261 3
1513 0.660184 0
1514 0.493609 0
1515 0.416155 3
1516 0.421592 3
1517 0.471376 0
1518 0.456018 3
1519 0.427235 3
1520 0.421382 3
1521 0.413988 0
1522 0.578779 0
1523 0.458988 3
1524 0.471241 3
1525 0.486702 0
1526 0.40328 0
1527 0.440062 3
1528 0.439863 3
1529 0.447928 0
1530 0.426102 3
1531 0.502507 0
1532 0.429801 0
1533 0.42713 3
1534 0.486079 0
1535 0.457588 3
1536 0.513214 0
1537 0.421597 3
1538 0.443218 3
1539 0.438671 3
1540 0.419239 3
1541 0.563218 0
1542 0.42264 3
1543 0.426469 3
1544 0.428009 3
1545 0.444188 3
1546 0.427838 3
1547 0.510904 0
1548 0.417076 3
1549 0.422767 3
1550 0.436886 3
1551 0.548912 0
1552 0.468473 0
1553 0.456935 3
1554 0.498515 0
1555 0.451045 3
1556 0.720384 0
1557 0.43107 3
1558 0.436422 3
1559 0.438563 3
1560 0.425572 3
1561 0.538622 3
1562 0.455813 3
1563 0.438563 3
1564 0.459466 3
1565 0.422245 3
1566 0.656126 0
1567 0.43642 3
1568 0.413142 3
1569 0.46883 3
1570 0.441233 3
1571 0.432093 3
1572 0.424735 3
1573 0.419727 3
1574 0.461657 3
1575 0.428483 3
1576 0.4791 3
1577 0.4224 3
1578 0.412212 3
1579 0.408363 0
1580 0.449631 3
1581 0.451098 3
1582 0.421774 3
1583 0.481801 3
1584 0.458468 3
1585 0.418892 3
1586 0.416958 3
1587 0.452198 3
1588 0.439407 3
1589 0.425561 3
1590 0.594008 0
1591 0.419613 3
1592 0.499001 0
1593 0.445453 3
1594 0.428463 0
1595 0.470676 3
1596 0.460224 0
1597 0.41957 3
1598 0.456662 3
1599 0.448147 0
1600 0.386473 4
1601 0.385974 4
1602 0.39933 4
1603 0.409521 4
1604 0.389921 4
1605 0.391995 4
1606 0.422589 4
1607 0.437346 4
1608 0.390331 4
1609 0.430052 4
1610 0.389909 4
1611 0.455869 4
1612 0.402724 4
1613 0.406101 4
1614 0.41189 4
1615 0.390328 4
1616 0.394873 4
1617 0.424109 4
1618 0.424728 4
1619 0.386682 4
1620 0.412382 4
1621 0.449783 4
1622 0.39045 4
1623 0.390547 4
1624 0.426877 4
1625 0.404709 4
1626 0.430384 4
1627 0.393949 4
1628 0.398895 4
1629 0.404508 4
1630 0.397302 4
1631 0.387232 4
1632 0.415073 4
1633 0.402332 4
1634 0.417845 4
1635 0.404104 4
1636 0.416885 4
1637 0.392153 4
1638 0.411672 4
1639 0.419256 4
1640 0.405253 4
1641 0.391179 4
1642 0.414237 4
1643 0.393578 4
1644 0.407584 4
1645 0.388799 4
1646 0.425056 4
1647 0.401762 4
1648 0.387423 4
1649 0.396148 4
1650 0.395577 4
1651 0.459114 0
1652 0.403025 4
1653 0.390519 4
1654 0.412316 4
1655 0.423534 4
1656 0.396692 4
1657 0.487495 4
1658 0.428741 4
1659 0.388081 4
1660 0.403437 4
1661 0.388245 4
1662 0.40846 4
1663 0.396692 4
1664 0.457226 4
1665 0.420128 4
1666 0.476782 4
1667 0.398008 4
1668 0.391023 4
1669 0.410838 4
1670 0.386835 4
1671 0.413558 4
1672 0.386009 4
1673 0.390405 4
1674 0.391629 4
1675 0.397411 4
1676 0.389482 4
1677 0.413503 4
1678 0.39885 4
1679 0.388661 4
1680 0.405115 4
1681 0.404286 4
1682 0.41285 4
1683 0.385758 4
1684 0.388054 4
1685 0.450707 4
1686 0.389164 4
1687 0.422351 4
1688 0.443752 4
1689 0.393046 4
1690 0.404839 4
1691 0.401675 4
1692 0.410563 4
1693 0.392505 4
1694 0.38944 4
1695 0.390547 4
1696 0.399317 4
1697 0.404196 4
1698 0.435303 4
1699 0.390703 4
1700 0.399539 4
1701 0.388268 4
1702 0.399569 4
1703 0.42292 4
1704 0.422611 4
1705 0.389934 4
1706 0.389026 4
1707 0.387423 4
1708 0.412911 4
1709 0.411589 4
1710 0.39235 4
1711 0.412532 4
1712 0.418246 4
1713 0.385679 4
1714 0.438165 4
1715 0.407848 4
1716 0.389909 4
1717 0.422611 4
1718 0.411196 4
1719 0.42277 4
1720 0.457514 4
1721 0.42539 0
1722 0.38725 4
1723 0.410416 4
1724 0.45434 4
1725 0.423303 4
1726 0.391911 4
1727 0.399569 4
1728 0.390928 4
1729 0.425056 4
1730 0.394649 4
1731 0.388228 4
1732 0.388054 4
1733 0.412382 4
1734 0.402332 4
1735 0.396148 0
1736 0.415263 4
1737 0.387869 4
1738 0.397599 4
1739 0.391245 4
1740 0.391995 4
1741 0.392209 4
1742 0.388245 4
1743 0.39151 4
1744 0.388409 4
1745 0.391476 4
1746 0.439354 4
1747 0.402268 4
1748 0.406152 4
1749 0.407374 4
1750 0.387487 4
1751 0.39342 4
1752 0.388681 4
1753 0.392675 4
1754 0.388714 4
1755 0.389998 4
1756 0.412715 4
1757 0.391767 4
1758 0.399569 4
1759 0.392156 4
1760 0.402956 4
1761 0.421576 4
1762 0.387135 4
1763 0.436661 4
1764 0.388735 4
1765 0.391689 4
1766 0.393353 4
1767 0.420628 4
1768 0.388219 4
1769 0.410984 4
1770 0.391174 4
1771 0.39404 4
1772 0.38725 4
1773 0.395187 0
1774 0.410296 4
1775 0.414237 4
1776 0.391026 4
1777 0.391039 4
1778 0.402523 4
1779 0.391023 4
1780 0.399539 4
1781 0.394162 4
1782 0.391094 4
1783 0.38661 4
1784 0.397624 0
1785 0.436903 4
1786 0.38807 4
1787 0.403934 4
1788 0.411188 4
1789 0.393105 4
1790 0.388054 4
1791 0.415533 4
1792 0.416361 4
1793 0.407795 4
1794 0.40616 4
1795 0.405787 4
1796 0.421427 4
1797 0.417038 4
1798 0.401948 4
1799 0.405253 4
1800 0.456906 4
1801 0.422029 4
1802 0.413354 0
1803 0.412421 0
1804 0.414088 4
1805 0.439087 4
1806 0.412083 0
1807 0.431776 4
1808 0.428741 4
1809 0.389719 4
1810 0.387741 4
1811 0.392993 4
1812 0.387711 4
1813 0.387464 4
1814 0.388516 4
1815 0.386188 4
1816 0.396077 4
1817 0.38993 4
1818 0.405089 4
1819 0.38749 4
1820 0.40556 4
1821 0.388219 4
1822 0.387618 4
1823 0.393474 4
1824 0.388747 4
1825 0.409935 4
1826 0.388101 4
1827 0.394949 4
1828 0.391405 4
1829 0.389223 4
1830 0.389443 4
1831 0.393161 4
1832 0.41117 0
1833 0.389026 4
1834 0.39815 0
1835 0.393653 4
1836 0.387423 4
1837 0.397338 4
1838 0.389585 4
1839 0.415645 0
1840 0.388812 4
1841 0.391867 4
1842 0.38999 4
1843 0.414665 0
1844 0.395777 4
1845 0.415383 4
1846 0.391002 4
1847 0.396186 4
1848 0.385247 0
1849 0.427876 0
1850 0.407723 4
1851 0.3957 4
1852 0.390434 4
1853 0.388125 4
1854 0.38683 4
1855 0.392709 4
1856 0.388765 4
1857 0.389569 4
1858 0.388191 4
1859 0.38943 4
1860 0.397338 4
1861 0.386942 4
1862 0.409178 0
1863 0.389589 4
1864 0.392709 4
1865 0.385826 0
1866 0.398779 4
1867 0.388889 4
1868 0.389389 4
1869 0.392138 4
1870 0.391446 4
1871 0.388721 4
1872 0.390519 4
1873 0.386188 4
1874 0.391862 4
1875 0.386018 4
1876 0.40825 4
1877 0.387596 4
1878 0.388832 4
1879 0.396217 4
1880 0.388148 4
1881 0.389585 4
1882 0.387671 4
1883 0.388429 4
1884 0.412326 0
1885 0.394649 4
1886 0.387192 4
1887 0.411493 0
1888 0.389052 4
1889 0.390784 4
1890 0.387752 4
1891 0.387471 4
1892 0.386308 4
1893 0.404213 4
1894 0.388844 4
1895 0.402692 4
1896 0.387601 4
1897 0.408035 4
1898 0.388589 4
1899 0.406066 0
1900 0.393021 4
1901 0.392514 4
1902 0.400884 4
1903 0.391467 4
1904 0.388693 4
1905 0.390539 4
1906 0.388375 4
1907 0.38807 4
1908 0.392149 4
1909 0.543665 0
1910 0.423003 3
1911 0.399266 1
1912 0.527817 5
1913 0.661031 0
1914 0.57666 0
1915 0.709976 0
1916 0.436607 1
1917 0.670135 0
1918 0.657251 0
1919 0.512264 0
1920 0.521658 0
1921 0.48296 0
1922 0.462449 0
1923 0.631424 0
1924 0.404741 0
1925 0.41061 3
1926 0.592109 0
1927 0.411713 2
1928 0.435019 0
1929 0.476229 0
1930 0.424728 0
1931 0.599541 0
1932 0.412238 3
1933 0.450665 1
1934 0.695361 0
1935 0.394387 1
1936 0.643623 0
1937 0.419141 6
1938 0.504822 0
1939 0.504784 0
1940 0.626609 0
1941 0.440144 3
1942 0.666147 0
1943 0.414235 0
1944 0.491826 0
1945 0.391446 1
1946 0.408973 4
1947 0.598652 0
1948 0.661319 0
1949 0.642737 0
1950 0.561599 0
1951 0.669854 0
1952 0.534048 0
1953 0.519853 0
1954 0.541641 0
1955 0.461589 0
1956 0.648191 0
1957 0.62277 0
1958 0.511055 0
1959 0.561455 3
1960 0.428178 3
1961 0.512919 0
1962 0.553025 0
1963 0.461854 5
1964 0.626403 0
1965 0.416354 3
1966 0.642511 0
1967 0.635138 0
1968 0.566942 0
1969 0.591172 0
1970 0.483194 5
1971 0.387299 2
1972 0.650521 0
1973 0.494171 0
1974 0.408132 0
1975 0.431089 0
1976 0.406331 1
1977 0.48466 0
1978 0.406644 0
1979 0.395524 0
1980 0.584736 0
1981 0.392512 0
1982 0.458789 5
1983 0.469983 0
1984 0.475058 0
1985 0.707474 0
1986 0.568364 0
1987 0.463108 3
1988 0.654356 0
1989 0.470951 3
1990 0.536616 0
1991 0.414056 0
1992 0.723823 0
1993 0.447846 1
1994 0.393106 1
1995 0.696704 0
1996 0.489985 0
1997 0.406106 2
1998 0.617223 0
1999 0.548831 0
2000 0.403419 0
2001 0.597412 0
2002 0.431141 0
2003 0.630312 0
2004 0.626496 0
2005 0.577421 0
2006 0.752016 0
2007 0.676272 0
2008 0.493923 0
2009 0.742217 0
2010 0.696874 0
2011 0.602691 0
2012 0.40365 0
2013 0.467035 0
2014 0.46252 5
2015 0.535069 0
2016 0.499526 0
2017 0.391919 1
2018 0.387029 2
2019 0.637626 0
2020 0.486238 0
2021 0.411177 3
2022 0.470512 0
2023 0.622614 0
2024 0.709392 0
2025 0.687347 0
2026 0.39824 2
2027 0.551638 0
2028 0.455646 5
2029 0.401866 1
2030 0.705011 0
2031 0.622959 0
2032 0.59228 0
2033 0.567211 0
2034 0.67071 0
2035 0.388683 0
2036 0.389324 4
2037 0.41241 0
2038 0.507452 0
2039 0.650039 0
2040 0.474278 0
2041 0.40737 0
2042 0.551642 0
2043 0.452841 6
2044 0.529372 0
2045 0.570852 3
2046 0.490368 0
2047 0.461716 0
2048 0.771461 0
2049 0.675936 0
2050 0.703383 0
2051 0.70214 0
2052 0.60636 0
2053 0.598187 0
2054 0.537716 0
2055 0.70922 0
2056 0.397106 0
2057 0.626969 0
2058 0.434563 3
2059 0.604017 0
2060 0.392186 2
2061 0.425124 0
2062 0.484844 0
2063 0.392301 0
2064 0.724471 0
2065 0.482974 0
2066 0.387453 2
2067 0.439985 0
2068 0.538488 0
2069 0.691382 0
2070 0.450961 6
2071 0.511181 5
2072 0.522772 0
2073 0.531627 0
2074 0.613586 0
2075 0.465247 4
2076 0.549557 0
2077 0.444171 0
2078 0.66849 0
2079 0.472378 0
2080 0.546758 0
2081 0.472216 3
2082 0.40228 1
2083 0.416627 0
2084 0.488777 0
2085 0.616077 0
2086 0.695943 0
2087 0.710262 0
2088 0.647952 0
2089 0.487512 0
2090 0.687885 0
2091 0.530332 0
2092 0.44107 3
2093 0.424181 3
2094 0.586102 0
2095 0.416111 6
2096 0.62149 0
2097 0.668116 0
2098 0.4381 3
2099 0.609759 0
2100 0.568971 0
2101 0.5092 0
2102 0.391496 1
2103 0.476985 0
2104 0.679492 0
2105 0.670218 0
2106 0.618208 0
2107 0.698036 0
2108 0.581902 0
2109 0.488709 0
2110 0.484356 5
2111 0.74647 0
2112 0.546368 0
2113 0.493934 0
2114 0.548359 3
2115 0.481263 3
2116 0.437269 0
2117 0.464165 0
2118 0.646483 0
2119 0.452255 4
2120 0.48887 0
2121 0.714714 0
2122 0.639904 0
2123 0.546001 0
2124 0.658995 0
2125 0.720755 0
2126 0.51486 0
2127 0.540766 0
2128 0.573301 0
2129 0.431013 0
2130 0.597101 0
2131 0.685696 0
2132 0.409428 0
2133 0.430427 1
2134 0.461483 4
2135 0.606461 0
2136 0.689036 0
2137 0.665891 0
2138 0.614217 0
2139 0.474312 0
2140 0.608776 0
2141 0.453608 0
2142 0.43526 0
2143 0.48277 4
2144 0.465651 5
2145 0.700074 0
2146 0.658374 0
2147 0.578274 0
2148 0.437115 3
2149 0.486211 0
2150 0.550255 0
2151 0.598377 0
2152 0.57312 0
2153 0.718651 0
2154 0.563882 0
2155 0.387891 2
2156 0.387575 0
2157 0.663492 0
2158 0.401696 1
2159 0.398934 1
2160 0.384879 0
2161 0.64891 0
2162 0.722533 0
2163 0.418318 0
2164 0.407518 0
2165 0.737612 0
2166 0.423732 6
2167 0.464611 3
2168 0.634016 0
2169 0.705963 0
2170 0.470478 0
2171 0.627508 0
2172 0.609831 0
2173 0.627381 0
2174 0.422632 3
2175 0.507764 0
2176 0.418992 3
2177 0.697645 0
2178 0.672437 0
2179 0.648773 0
2180 0.617731 0
2181 0.651766 0
2182 0.498751 0
2183 0.400366 4
2184 0.399344 0
2185 0.698138 0
2186 0.399142 0
2187 0.616605 0
2188 0.421099 3
2189 0.461509 3
2190 0.417253 1
2191 0.607304 0
2192 0.731446 0
2193 0.716869 0
2194 0.420356 3
2195 0.676476 0
2196 0.677572 0
2197 0.476733 0
2198 0.666882 0
2199 0.501626 0
2200 0.500077 0
2201 0.676092 0
2202 0.467344 0
2203 0.540814 0
2204 0.525451 0
2205 0.529603 0
2206 0.469697 0
2207 0.734226 0
2208 0.507137 0
2209 0.599119 0
2210 0.461516 5
2211 0.704812 0
2212 0.672992 0
2213 0.563484 0
2214 0.458884 0
2215 0.390321 2
2216 0.494584 0
2217 0.390266 2
2218 0.644568 0
2219 0.603011 0
2220 0.409404 3
2221 0.697902 0
2222 0.389091 2
2223 0.415016 1
2224 0.516166 0
2225 0.711455 0
2226 0.662596 0
2227 0.51749 0
2228 0.673401 0
2229 0.419019 0
2230 0.641223 0
2231 0.64752 0
2232 0.613461 0
2233 0.414311 0
2234 0.497343 0
2235 0.584482 0
2236 0.609944 0
2237 0.52636 0
2238 0.544608 3
2239 0.446547 0
2240 0.407116 0
2241 0.557767 0
2242 0.463475 0
2243 0.678211 0
2244 0.576723 0
2245 0.588747 0
2246 0.709326 0
2247 0.474124 0
2248 0.641557 0
2249 0.543642 0
2250 0.604912 0
2251 0.655928 0
2252 0.690385 0
2253 0.544706 0
2254 0.62712 0
2255 0.5039 0
2256 0.521951 0
2257 0.695524 0
2258 0.478397 0
2259 0.721734 0
2260 0.438364 0
2261 0.446441 0
2262 0.671973 0
2263 0.669155 0
2264 0.482911 0
2265 0.405726 0
2266 0.628533 0
2267 0.431042 4
2268 0.432968 3
2269 0.678546 0
2270 0.399004 0
2271 0.475227 5
2272 0.441885 3
2273 0.626398 0
2274 0.499407 0
2275 0.429977 3
2276 0.509756 0
2277 0.685276 0
2278 0.411095 0
2279 0.462761 0
2280 0.441818 4
2281 0.45021 0
2282 0.655711 0
2283 0.398055 2
2284 0.487136 0
2285 0.643694 0
2286 0.704203 0
2287 0.406358 0
2288 0.488326 0
2289 0.461149 5
2290 0.49425 0
2291 0.700297 0
2292 0.588108 0
2293 0.428199 0
2294 0.541834 0
2295 0.64166 0
2296 0.504657 0
2297 0.45746 5
2298 0.56176 0
2299 0.520939 0
2300 0.433315 6
2301 0.568128 0
2302 0.620564 5
2303 0.673218 0
2304 0.390574 4
2305 0.490951 0
2306 0.660779 0
2307 0.616726 0
2308 0.394974 1
